Contribution: 2025-12-06T15:56:01.593704 - 4291
Contribution: 2025-12-06T15:13:01.593704 - 4500
Contribution: 2025-12-06T15:33:01.593704 - 2960
